#
0.864542
0.777995
0.817049
0.803639
0.672496
0.738369
0.639193
0.518396
0.532431
0.500643
0.542865
0.571562
0.389962
0.469089
0.240589
0.083280
0.210297
0.264353
0.358515
0.201570
0.122986
0.108223
0.120132
0.260928
0.275511
0.312391
0.383543
0.568307
0.747799
0.789893
0.703798
0.819392
0.811333
0.685204
0.717840
0.706574
0.695555
0.601125
0.594692
0.578876
0.623955
0.628068
0.696596
0.711476
0.707822
0.697899
0.736194
0.686200
0.667079
0.536856
0.510453
0.899399
0.762421
0.824296
0.791844
0.830543
0.885996
0.856504
0.833828
0.829884
0.742085
0.461561
0.466040
0.418090
0.428083
0.312009
0.163826
0.188188
0.205684
0.276959
0.163730
0.277350
0.486610
0.424431
0.658450
0.733827
0.669157
0.587169
0.397946
0.496397
0.581495
0.382036
0.414494
0.363001
0.165676
0.125731
0.035528
0.057621
0.039914
0.044942
0.029679
0.012072
0.144096
0.078886
0.110314
0.087467
0.489578
0.145163
0.082723
0.295178
0.120951
0.378074
0.384800
0.263017
0.264171
0.228396
0.264776
0.397770
0.557697
0.546678
0.589325
0.589973
0.599699
0.555013
0.595884
0.630877
0.651039
0.757365
0.720902
0.755965
0.867304
0.839311
0.791004
0.786119
