#
0.017230
0.032087
0.011171
0.043839
0.054691
0.066941
0.045714
0.114149
0.076253
0.109005
0.178554
0.124317
0.107964
0.077464
0.731876
0.777953
0.191504
0.049172
0.082251
0.507033
0.132934
0.304692
0.408715
0.273037
0.375483
0.354700
0.378149
0.097421
0.070903
0.254658
0.029022
0.052306
0.028493
0.046571
0.070892
0.087278
0.148121
0.202349
0.170258
0.129240
0.148377
0.138969
0.182754
0.078195
0.074413
0.088299
0.067485
0.062283
0.020149
0.044940
0.054106
0.010762
0.003703
0.018944
0.041349
0.035936
0.017696
0.028674
0.021187
0.069844
0.078353
0.129250
0.076031
0.033587
0.069921
0.097777
0.133394
0.173682
0.160318
0.091943
0.112940
0.096529
0.078909
0.046981
0.041515
0.099220
0.066555
0.082440
0.121317
0.064272
0.103509
0.069759
0.056214
0.132905
0.029884
0.154649
0.029792
0.013223
0.044020
0.014993
0.021131
0.030672
0.061817
0.043893
0.025231
0.058712
0.048014
0.328652
0.321875
0.062652
0.173011
0.279861
0.118401
0.246901
0.153501
0.332835
0.421359
0.122073
0.126150
0.106957
0.120752
0.093185
0.117422
0.115694
0.116644
0.086173
0.073224
0.075249
0.062529
0.044758
0.036471
0.073337
0.025837
0.010413
