#
4.736458e-06
4.750761e-06
4.765131e-06
4.779566e-06
4.794066e-06
4.808626e-06
4.823253e-06
4.837952e-06
4.852720e-06
4.867554e-06
4.882460e-06
4.897434e-06
4.912474e-06
4.927588e-06
4.942765e-06
4.958016e-06
4.973331e-06
4.988719e-06
5.004176e-06
5.019709e-06
5.035316e-06
5.050999e-06
5.066755e-06
5.082582e-06
5.098482e-06
5.114455e-06
5.130503e-06
5.146629e-06
5.162836e-06
5.179118e-06
5.195468e-06
5.211899e-06
5.228415e-06
5.245008e-06
5.261681e-06
5.278432e-06
5.295266e-06
5.312176e-06
5.329172e-06
5.346244e-06
5.363402e-06
5.380641e-06
5.397962e-06
5.415363e-06
5.432852e-06
5.450429e-06
5.468093e-06
5.485841e-06
5.503676e-06
5.521603e-06
5.539608e-06
5.557709e-06
5.575900e-06
5.594177e-06
5.612542e-06
5.630989e-06
5.649534e-06
5.668181e-06
5.686908e-06
5.705733e-06
5.724657e-06
5.743665e-06
5.762773e-06
5.781972e-06
5.801263e-06
5.820646e-06
5.840151e-06
5.859743e-06
5.879424e-06
5.899207e-06
5.919107e-06
5.939100e-06
5.959197e-06
5.979391e-06
5.999684e-06
6.020077e-06
6.040576e-06
6.061185e-06
6.081890e-06
6.102723e-06
6.123658e-06
6.144677e-06
6.165818e-06
6.187082e-06
6.208443e-06
6.229913e-06
6.251491e-06
6.273188e-06
6.295002e-06
6.316932e-06
6.338965e-06
6.361115e-06
6.383379e-06
6.405778e-06
6.428285e-06
6.450914e-06
6.473658e-06
6.496534e-06
6.519527e-06
6.542645e-06
