#
1.851440e-05
1.852857e-05
1.854275e-05
1.855695e-05
1.857116e-05
1.858539e-05
1.859964e-05
1.861390e-05
1.862818e-05
1.864248e-05
1.865679e-05
1.867112e-05
1.868547e-05
1.869983e-05
1.871421e-05
1.872861e-05
1.874302e-05
1.875745e-05
1.877190e-05
1.878636e-05
1.880084e-05
1.881533e-05
1.882984e-05
1.884437e-05
1.885892e-05
1.887348e-05
1.888806e-05
1.890266e-05
1.891727e-05
1.893190e-05
1.894655e-05
1.896122e-05
1.897590e-05
1.899060e-05
1.900531e-05
1.902004e-05
1.903479e-05
1.904955e-05
1.906434e-05
1.907914e-05
1.909396e-05
1.910879e-05
1.912364e-05
1.913851e-05
1.915340e-05
1.916830e-05
1.918323e-05
1.919817e-05
1.921312e-05
1.922810e-05
1.924309e-05
1.925809e-05
1.927312e-05
1.928817e-05
1.930323e-05
1.931831e-05
1.933341e-05
1.934852e-05
1.936366e-05
1.937881e-05
1.939398e-05
1.940916e-05
1.942437e-05
1.943959e-05
1.945483e-05
1.947009e-05
1.948536e-05
1.950066e-05
1.951597e-05
1.953130e-05
1.954665e-05
1.956201e-05
1.957740e-05
1.959280e-05
1.960822e-05
1.962366e-05
1.963911e-05
1.965459e-05
1.967008e-05
1.968559e-05
1.970112e-05
1.971667e-05
1.973224e-05
1.974782e-05
1.976343e-05
1.977905e-05
1.979469e-05
1.981035e-05
1.982603e-05
1.984173e-05
1.985744e-05
1.987318e-05
1.988893e-05
1.990470e-05
1.992049e-05
1.993630e-05
1.995213e-05
1.996797e-05
1.998384e-05
1.999972e-05
