#
2.709313e-06
2.723761e-06
2.738316e-06
2.752994e-06
2.767795e-06
2.782715e-06
2.797753e-06
2.812915e-06
2.828200e-06
2.843613e-06
2.859145e-06
2.874812e-06
2.890603e-06
2.906529e-06
2.922584e-06
2.938775e-06
2.955094e-06
2.971552e-06
2.988147e-06
3.004883e-06
3.021762e-06
3.038777e-06
3.055941e-06
3.073256e-06
3.090718e-06
3.108325e-06
3.126079e-06
3.143988e-06
3.162067e-06
3.180303e-06
3.198691e-06
3.217225e-06
3.235927e-06
3.254788e-06
3.273813e-06
3.293007e-06
3.312366e-06
3.331908e-06
3.351631e-06
3.371520e-06
3.391584e-06
3.411826e-06
3.432259e-06
3.452872e-06
3.473665e-06
3.494648e-06
3.515820e-06
3.537177e-06
3.558753e-06
3.580517e-06
3.602472e-06
3.624633e-06
3.647006e-06
3.669652e-06
3.692591e-06
3.715793e-06
3.739171e-06
3.762725e-06
3.786515e-06
3.810537e-06
3.834851e-06
3.859447e-06
3.884323e-06
3.909437e-06
3.934792e-06
3.960534e-06
3.986759e-06
4.013206e-06
4.040098e-06
4.067452e-06
4.095096e-06
4.123460e-06
4.152331e-06
4.181895e-06
4.211997e-06
4.242519e-06
4.273703e-06
4.305520e-06
4.338173e-06
4.371323e-06
4.405137e-06
4.439642e-06
4.474534e-06
4.510296e-06
4.546666e-06
4.583618e-06
4.620999e-06
4.659123e-06
4.698028e-06
4.737155e-06
4.777080e-06
4.818065e-06
4.859379e-06
4.900944e-06
4.943287e-06
4.986056e-06
5.029058e-06
5.072781e-06
5.116793e-06
5.161719e-06
