#
7.321486e-06
7.335724e-06
7.350003e-06
7.364324e-06
7.378688e-06
7.393093e-06
7.407539e-06
7.422024e-06
7.436551e-06
7.451123e-06
7.465739e-06
7.480398e-06
7.495100e-06
7.509846e-06
7.524641e-06
7.539480e-06
7.554363e-06
7.569287e-06
7.584254e-06
7.599266e-06
7.614324e-06
7.629426e-06
7.644572e-06
7.659764e-06
7.675001e-06
7.690282e-06
7.705604e-06
7.720971e-06
7.736379e-06
7.751843e-06
7.767360e-06
7.782921e-06
7.798527e-06
7.814181e-06
7.829884e-06
7.845636e-06
7.861434e-06
7.877280e-06
7.893171e-06
7.909110e-06
7.925098e-06
7.941134e-06
7.957218e-06
7.973351e-06
7.989537e-06
8.005769e-06
8.022047e-06
8.038374e-06
8.054748e-06
8.071178e-06
8.087658e-06
8.104186e-06
8.120768e-06
8.137401e-06
8.154081e-06
8.170812e-06
8.187598e-06
8.204436e-06
8.221327e-06
8.238268e-06
8.255263e-06
8.272310e-06
8.289413e-06
8.306561e-06
8.323761e-06
8.341031e-06
8.358359e-06
8.375733e-06
8.393157e-06
8.410633e-06
8.428163e-06
8.445751e-06
8.463397e-06
8.481097e-06
8.498853e-06
8.516662e-06
8.534531e-06
8.552457e-06
8.570439e-06
8.588477e-06
8.606563e-06
8.624712e-06
8.642917e-06
8.661180e-06
8.679503e-06
8.697886e-06
8.716325e-06
8.734825e-06
8.753377e-06
8.771989e-06
8.790664e-06
8.809399e-06
8.828198e-06
8.847058e-06
8.865977e-06
8.884952e-06
8.903988e-06
8.923088e-06
8.942251e-06
8.961471e-06
