#
2.333979e-05
2.335394e-05
2.336811e-05
2.338229e-05
2.339649e-05
2.341069e-05
2.342491e-05
2.343914e-05
2.345339e-05
2.346765e-05
2.348192e-05
2.349620e-05
2.351050e-05
2.352481e-05
2.353913e-05
2.355347e-05
2.356782e-05
2.358218e-05
2.359656e-05
2.361095e-05
2.362535e-05
2.363977e-05
2.365420e-05
2.366864e-05
2.368309e-05
2.369756e-05
2.371204e-05
2.372654e-05
2.374104e-05
2.375557e-05
2.377010e-05
2.378465e-05
2.379921e-05
2.381378e-05
2.382837e-05
2.384297e-05
2.385759e-05
2.387222e-05
2.388686e-05
2.390151e-05
2.391618e-05
2.393087e-05
2.394556e-05
2.396027e-05
2.397499e-05
2.398973e-05
2.400448e-05
2.401924e-05
2.403402e-05
2.404881e-05
2.406362e-05
2.407843e-05
2.409327e-05
2.410811e-05
2.412297e-05
2.413785e-05
2.415273e-05
2.416763e-05
2.418255e-05
2.419748e-05
2.421242e-05
2.422738e-05
2.424235e-05
2.425733e-05
2.427233e-05
2.428734e-05
2.430237e-05
2.431741e-05
2.433246e-05
2.434753e-05
2.436262e-05
2.437771e-05
2.439283e-05
2.440795e-05
2.442309e-05
2.443825e-05
2.445342e-05
2.446860e-05
2.448380e-05
2.449901e-05
2.451423e-05
2.452947e-05
2.454473e-05
2.455999e-05
2.457527e-05
2.459056e-05
2.460587e-05
2.462119e-05
2.463653e-05
2.465188e-05
2.466725e-05
2.468263e-05
2.469803e-05
2.471344e-05
2.472886e-05
2.474430e-05
2.475975e-05
2.477522e-05
2.479070e-05
2.480619e-05
