#
1.049485e-05
1.050906e-05
1.052329e-05
1.053755e-05
1.055184e-05
1.056615e-05
1.058050e-05
1.059487e-05
1.060927e-05
1.062371e-05
1.063817e-05
1.065266e-05
1.066718e-05
1.068174e-05
1.069632e-05
1.071093e-05
1.072557e-05
1.074024e-05
1.075494e-05
1.076967e-05
1.078443e-05
1.079923e-05
1.081405e-05
1.082890e-05
1.084379e-05
1.085870e-05
1.087364e-05
1.088862e-05
1.090362e-05
1.091867e-05
1.093373e-05
1.094884e-05
1.096397e-05
1.097914e-05
1.099433e-05
1.100956e-05
1.102481e-05
1.104010e-05
1.105542e-05
1.107078e-05
1.108616e-05
1.110159e-05
1.111704e-05
1.113252e-05
1.114804e-05
1.116359e-05
1.117917e-05
1.119479e-05
1.121043e-05
1.122611e-05
1.124182e-05
1.125756e-05
1.127334e-05
1.128915e-05
1.130499e-05
1.132087e-05
1.133679e-05
1.135274e-05
1.136872e-05
1.138473e-05
1.140078e-05
1.141686e-05
1.143297e-05
1.144912e-05
1.146531e-05
1.148153e-05
1.149778e-05
1.151406e-05
1.153038e-05
1.154674e-05
1.156313e-05
1.157956e-05
1.159602e-05
1.161251e-05
1.162904e-05
1.164560e-05
1.166221e-05
1.167885e-05
1.169553e-05
1.171224e-05
1.172899e-05
1.174577e-05
1.176258e-05
1.177943e-05
1.179633e-05
1.181325e-05
1.183021e-05
1.184721e-05
1.186424e-05
1.188131e-05
1.189841e-05
1.191555e-05
1.193274e-05
1.194996e-05
1.196721e-05
1.198451e-05
1.200184e-05
1.201921e-05
1.203662e-05
1.205406e-05
