#
1.418337e-05
1.419755e-05
1.421175e-05
1.422597e-05
1.424022e-05
1.425448e-05
1.426877e-05
1.428307e-05
1.429740e-05
1.431175e-05
1.432613e-05
1.434052e-05
1.435494e-05
1.436938e-05
1.438384e-05
1.439832e-05
1.441283e-05
1.442735e-05
1.444190e-05
1.445647e-05
1.447106e-05
1.448568e-05
1.450031e-05
1.451497e-05
1.452965e-05
1.454435e-05
1.455907e-05
1.457382e-05
1.458859e-05
1.460338e-05
1.461819e-05
1.463303e-05
1.464789e-05
1.466277e-05
1.467768e-05
1.469261e-05
1.470756e-05
1.472253e-05
1.473753e-05
1.475255e-05
1.476759e-05
1.478266e-05
1.479774e-05
1.481286e-05
1.482799e-05
1.484315e-05
1.485833e-05
1.487353e-05
1.488876e-05
1.490401e-05
1.491928e-05
1.493458e-05
1.494990e-05
1.496525e-05
1.498061e-05
1.499601e-05
1.501142e-05
1.502686e-05
1.504232e-05
1.505781e-05
1.507332e-05
1.508886e-05
1.510441e-05
1.512000e-05
1.513560e-05
1.515124e-05
1.516690e-05
1.518258e-05
1.519829e-05
1.521402e-05
1.522977e-05
1.524555e-05
1.526135e-05
1.527718e-05
1.529303e-05
1.530891e-05
1.532481e-05
1.534073e-05
1.535668e-05
1.537266e-05
1.538865e-05
1.540468e-05
1.542073e-05
1.543680e-05
1.545290e-05
1.546903e-05
1.548518e-05
1.550136e-05
1.551757e-05
1.553380e-05
1.555005e-05
1.556633e-05
1.558263e-05
1.559896e-05
1.561531e-05
1.563169e-05
1.564810e-05
1.566453e-05
1.568099e-05
1.569747e-05
