#
3.485708e-05
3.487123e-05
3.488538e-05
3.489954e-05
3.491371e-05
3.492789e-05
3.494207e-05
3.495627e-05
3.497047e-05
3.498468e-05
3.499891e-05
3.501314e-05
3.502737e-05
3.504162e-05
3.505588e-05
3.507014e-05
3.508441e-05
3.509870e-05
3.511299e-05
3.512729e-05
3.514160e-05
3.515591e-05
3.517024e-05
3.518457e-05
3.519892e-05
3.521327e-05
3.522763e-05
3.524200e-05
3.525638e-05
3.527076e-05
3.528516e-05
3.529956e-05
3.531398e-05
3.532840e-05
3.534283e-05
3.535727e-05
3.537172e-05
3.538618e-05
3.540064e-05
3.541512e-05
3.542960e-05
3.544410e-05
3.545860e-05
3.547311e-05
3.548763e-05
3.550216e-05
3.551670e-05
3.553125e-05
3.554581e-05
3.556037e-05
3.557495e-05
3.558953e-05
3.560412e-05
3.561873e-05
3.563333e-05
3.564795e-05
3.566258e-05
3.567722e-05
3.569186e-05
3.570652e-05
3.572118e-05
3.573585e-05
3.575054e-05
3.576523e-05
3.577993e-05
3.579463e-05
3.580935e-05
3.582408e-05
3.583882e-05
3.585356e-05
3.586831e-05
3.588308e-05
3.589785e-05
3.591263e-05
3.592742e-05
3.594222e-05
3.595703e-05
3.597185e-05
3.598668e-05
3.600151e-05
3.601636e-05
3.603121e-05
3.604608e-05
3.606095e-05
3.607583e-05
3.609073e-05
3.610563e-05
3.612054e-05
3.613546e-05
3.615038e-05
3.616532e-05
3.618027e-05
3.619523e-05
3.621019e-05
3.622517e-05
3.624015e-05
3.625514e-05
3.627015e-05
3.628516e-05
3.630018e-05
