#
1.222956e-06
1.237834e-06
1.252991e-06
1.268427e-06
1.284133e-06
1.300129e-06
1.316432e-06
1.333040e-06
1.349974e-06
1.367224e-06
1.384815e-06
1.402744e-06
1.421029e-06
1.439665e-06
1.458678e-06
1.478072e-06
1.497852e-06
1.518034e-06
1.538630e-06
1.559645e-06
1.581218e-06
1.603234e-06
1.625715e-06
1.648766e-06
1.672429e-06
1.696838e-06
1.722154e-06
1.748460e-06
1.775979e-06
1.804968e-06
1.835271e-06
1.866867e-06
1.900120e-06
1.934631e-06
1.970697e-06
2.008390e-06
2.047339e-06
2.087391e-06
2.129125e-06
2.171643e-06
2.214840e-06
2.258815e-06
2.303965e-06
2.349634e-06
2.395967e-06
2.442578e-06
2.490368e-06
2.538473e-06
2.587400e-06
2.637055e-06
2.686906e-06
2.737938e-06
2.789394e-06
2.841443e-06
2.894505e-06
2.948099e-06
3.002111e-06
3.057158e-06
3.113282e-06
3.170124e-06
3.227492e-06
3.286022e-06
3.345223e-06
3.405328e-06
3.466297e-06
3.528633e-06
3.592158e-06
3.657154e-06
3.723051e-06
3.790081e-06
3.859129e-06
3.929405e-06
4.001939e-06
4.076299e-06
4.152794e-06
4.230984e-06
4.311754e-06
4.395064e-06
4.480360e-06
4.568238e-06
4.659981e-06
4.753728e-06
4.849573e-06
4.948471e-06
5.050416e-06
5.155816e-06
5.263667e-06
5.374574e-06
5.488321e-06
5.604914e-06
5.726559e-06
5.850435e-06
5.976925e-06
6.106625e-06
6.240119e-06
6.373407e-06
6.509909e-06
6.645498e-06
6.787759e-06
6.932001e-06
