#
2.881689e-05
2.883104e-05
2.884520e-05
2.885937e-05
2.887355e-05
2.888774e-05
2.890194e-05
2.891615e-05
2.893038e-05
2.894461e-05
2.895885e-05
2.897310e-05
2.898737e-05
2.900164e-05
2.901593e-05
2.903022e-05
2.904453e-05
2.905885e-05
2.907317e-05
2.908751e-05
2.910186e-05
2.911622e-05
2.913059e-05
2.914497e-05
2.915936e-05
2.917376e-05
2.918818e-05
2.920260e-05
2.921703e-05
2.923147e-05
2.924593e-05
2.926039e-05
2.927487e-05
2.928936e-05
2.930385e-05
2.931836e-05
2.933288e-05
2.934741e-05
2.936195e-05
2.937650e-05
2.939106e-05
2.940564e-05
2.942022e-05
2.943482e-05
2.944942e-05
2.946404e-05
2.947866e-05
2.949330e-05
2.950795e-05
2.952261e-05
2.953728e-05
2.955196e-05
2.956666e-05
2.958136e-05
2.959607e-05
2.961080e-05
2.962553e-05
2.964028e-05
2.965504e-05
2.966981e-05
2.968459e-05
2.969938e-05
2.971418e-05
2.972900e-05
2.974382e-05
2.975866e-05
2.977350e-05
2.978836e-05
2.980323e-05
2.981811e-05
2.983300e-05
2.984790e-05
2.986282e-05
2.987774e-05
2.989268e-05
2.990763e-05
2.992258e-05
2.993755e-05
2.995253e-05
2.996753e-05
2.998253e-05
2.999754e-05
3.001257e-05
3.002761e-05
3.004266e-05
3.005772e-05
3.007279e-05
3.008787e-05
3.010296e-05
3.011807e-05
3.013318e-05
3.014831e-05
3.016345e-05
3.017860e-05
3.019376e-05
3.020894e-05
3.022412e-05
3.023932e-05
3.025453e-05
3.026975e-05
