#
3.459453e-07
3.633210e-07
3.825049e-07
4.064438e-07
4.386540e-07
4.778977e-07
5.214379e-07
5.673295e-07
6.146858e-07
6.626313e-07
7.111263e-07
7.596077e-07
8.080365e-07
8.566481e-07
9.058771e-07
9.554934e-07
1.005996e-06
1.056590e-06
1.108142e-06
1.160308e-06
1.213041e-06
1.266810e-06
1.321080e-06
1.375799e-06
1.432260e-06
1.488752e-06
1.546659e-06
1.605394e-06
1.664352e-06
1.723809e-06
1.783971e-06
1.844382e-06
1.904444e-06
1.964303e-06
2.023480e-06
2.081811e-06
2.138853e-06
2.193964e-06
2.248394e-06
2.299156e-06
2.348084e-06
2.394790e-06
2.437471e-06
2.478236e-06
2.515828e-06
2.549707e-06
2.580432e-06
2.609467e-06
2.634943e-06
2.656150e-06
2.675448e-06
2.692720e-06
2.706018e-06
2.716994e-06
2.729673e-06
2.747460e-06
2.775519e-06
2.434493e-06
2.149963e-06
1.912479e-06
1.712492e-06
1.542367e-06
1.396295e-06
1.269978e-06
1.160104e-06
1.063910e-06
9.791716e-07
9.042556e-07
8.375831e-07
7.780275e-07
7.245719e-07
6.764397e-07
6.329424e-07
5.935290e-07
5.576924e-07
5.249958e-07
4.950720e-07
4.676453e-07
4.424463e-07
4.192280e-07
3.977916e-07
3.779676e-07
3.595727e-07
3.424906e-07
3.265980e-07
3.117834e-07
2.979539e-07
2.850255e-07
2.729134e-07
2.615694e-07
2.509185e-07
2.409030e-07
2.314750e-07
2.225870e-07
2.141998e-07
2.062907e-07
1.988054e-07
1.917184e-07
1.850046e-07
1.786403e-07
